>> A = [1, 3, 8; 2, -3, 8; 9, 2, -5] 
A =

   1   3   8
   2  -3   8
   9   2  -5
>> eye(5)
ans =

Diagonal Matrix

   1   0   0   0   0
   0   1   0   0   0
   0   0   1   0   0
   0   0   0   1   0
   0   0   0   0   1

>> eye(5,4)
ans =

Diagonal Matrix

   1   0   0   0
   0   1   0   0
   0   0   1   0
   0   0   0   1
   0   0   0   0

>> A=[1,2,3,4,5];
>> B = eye(5);
>> C = A.*B
C =

   1   0   0   0   0
   0   2   0   0   0
   0   0   3   0   0
   0   0   0   4   0
   0   0   0   0   5

>> pinv(A)
ans =

   0.018182
   0.036364
   0.054545
   0.072727
   0.090909

>> pinv(B)
ans =

Diagonal Matrix

   1   0   0   0   0
   0   1   0   0   0
   0   0   1   0   0
   0   0   0   1   0
   0   0   0   0   1
   
>> rand(5,5)
ans =

   0.882798   0.096391   0.754190   0.700625   0.101871
   0.585902   0.165570   0.307050   0.159547   0.174810
   0.230460   0.264178   0.329787   0.266342   0.482649
   0.208919   0.705793   0.857863   0.848146   0.750688
   0.319592   0.312291   0.570791   0.348999   0.439911
   
>> randn(5,5)
ans =

   1.740349   0.488557   0.318586   1.105045   0.106354
  -2.304789  -0.043454   1.249829  -1.366063  -1.332324
   0.287682   0.439094  -0.419443  -1.422554  -0.038242
   0.688983   0.622848  -0.826545  -0.810579  -2.064886
   1.035544   0.588032  -0.807143  -1.511924  -0.124927

>> A = [1, 3, 8, 2, -3, 7, 9, 2, -5] 
>> A =

   1   3   8   2  -3   7   9   2  -5

>>  C = A(5:end) 
>> C =

  -3   7   9   2  -5
 
A  = eye(5)*-5
A =

Diagonal Matrix

  -5   0   0   0   0
   0  -5   0   0   0
   0   0  -5   0   0
   0   0   0  -5   0
   0   0   0   0  -5
   
 octave:50> A
A =

Diagonal Matrix

  -5   0   0   0   0
   0  -5   0   0   0
   0   0  -5   0   0
   0   0   0  -5   0
   0   0   0   0  -5

>> det(A)
ans = -3125

A = [1,2,3,4;5,6,7,8;9,10,11,12;13,14,15,16]
A =

    1    2    3    4
    5    6    7    8
    9   10   11   12
   13   14   15   16

>> det(A)
ans = 0
>> A'
ans =

    1    5    9   13
    2    6   10   14
    3    7   11   15
    4    8   12   16

>> inv(A)
warning: matrix singular to machine precision
ans =

   Inf   Inf   Inf   Inf
   Inf   Inf   Inf   Inf
   Inf   Inf   Inf   Inf
   Inf   Inf   Inf   Inf

>> [v lambda] = eig(A)
v =

  -0.15115   0.72705   0.50279  -0.10141
  -0.34924   0.28321  -0.83232  -0.26597
  -0.54732  -0.16063   0.15626   0.83618
  -0.74540  -0.60447   0.17327  -0.46880

lambda =

Diagonal Matrix

   3.6209e+01            0            0            0
            0  -2.2094e+00            0            0
            0            0  -3.3640e-15            0
            0            0            0  -2.2799e-16
            
A*A
ans =

    90   100   110   120
   202   228   254   280
   314   356   398   440
   426   484   542   600

A*A
ans =

    90   100   110   120
   202   228   254   280
   314   356   398   440
   426   484   542   600

>> A'*A
ans =

   276   304   332   360
   304   336   368   400
   332   368   404   440
   360   400   440   480

>> A*A'
ans =

    30    70   110   150
    70   174   278   382
   110   278   446   614
   150   382   614   846
   
A
A =

    1    2    3    4
    5    6    7    8
    9   10   11   12
   13   14   15   16

>> sum(A)
ans =

   28   32   36   40   
   
Element-Wise Operations (for vectors/matrices) 

>> A.+A
ans =

    2    4    6    8
   10   12   14   16
   18   20   22   24
   26   28   30   32

>> A.*A
ans =

     1     4     9    16
    25    36    49    64
    81   100   121   144
   169   196   225   256

>> A./A
ans =

   1   1   1   1
   1   1   1   1
   1   1   1   1
   1   1   1   1

>> A.^4
ans =

       1      16      81     256
     625    1296    2401    4096
    6561   10000   14641   20736
   28561   38416   50625   65536

A
A =

    1    2    3    4
    5    6    7    8
    9   10   11   12
   13   14   15   16

>> cumsum(A)
ans =

    1    2    3    4
    6    8   10   12
   15   18   21   24
   28   32   36   40

>> prod(A)
ans =

    585   1680   3465   6144

>> cumprod(A)
ans =

      1      2      3      4
      5     12     21     32
     45    120    231    384
    585   1680   3465   6144

>> diff(A)
ans =

   4   4   4   4
   4   4   4   4
   4   4   4   4

>> mean(A)
ans =

    7    8    9   10

>> std(A)
ans =

   5.1640   5.1640   5.1640   5.1640

A = randperm(10)
A =

    9    5    1    6   10    8    2    3    4    7
