>> A = [1, 3, 8; 2, -3, 8; 9, 2, -5] 
A =

   1   3   8
   2  -3   8
   9   2  -5
>> eye(5)
ans =

Diagonal Matrix

   1   0   0   0   0
   0   1   0   0   0
   0   0   1   0   0
   0   0   0   1   0
   0   0   0   0   1

>> eye(5,4)
ans =

Diagonal Matrix

   1   0   0   0
   0   1   0   0
   0   0   1   0
   0   0   0   1
   0   0   0   0

>> A=[1,2,3,4,5];
>> B = eye(5);
>> C = A.*B
C =

   1   0   0   0   0
   0   2   0   0   0
   0   0   3   0   0
   0   0   0   4   0
   0   0   0   0   5

>> pinv(A)
ans =

   0.018182
   0.036364
   0.054545
   0.072727
   0.090909

>> pinv(B)
ans =

Diagonal Matrix

   1   0   0   0   0
   0   1   0   0   0
   0   0   1   0   0
   0   0   0   1   0
   0   0   0   0   1
   
>> rand(5,5)
ans =

   0.882798   0.096391   0.754190   0.700625   0.101871
   0.585902   0.165570   0.307050   0.159547   0.174810
   0.230460   0.264178   0.329787   0.266342   0.482649
   0.208919   0.705793   0.857863   0.848146   0.750688
   0.319592   0.312291   0.570791   0.348999   0.439911
   
>> randn(5,5)
ans =

   1.740349   0.488557   0.318586   1.105045   0.106354
  -2.304789  -0.043454   1.249829  -1.366063  -1.332324
   0.287682   0.439094  -0.419443  -1.422554  -0.038242
   0.688983   0.622848  -0.826545  -0.810579  -2.064886
   1.035544   0.588032  -0.807143  -1.511924  -0.124927

>> A = [1, 3, 8, 2, -3, 7, 9, 2, -5] 
>> A =

   1   3   8   2  -3   7   9   2  -5

>>  C = A(5:end) 
>> C =

  -3   7   9   2  -5
 
